centroid: 927.544800 931.728882 967.477722
resolution: 2048.000000 2048.000000 2048.000000
min_pt: -97.455200 -93.271118 -57.522278
max_pt: 1952.544800 1956.728882 1992.477783
points: 35136
