centroid: 415.544952 498.948914 455.477722
resolution: 1024.000000 1024.000000 1024.000000
min_pt: -97.455048 -14.051086 -57.522278
max_pt: 928.544922 1011.948914 968.477722
points: 4854
